((("uchar" .
   [3 0 0 0 0])
  ("translation" .
   [3 0 0 0 0 0 0 0 0 0 0])
  ("dst" .
   [6 0 0])
  ("src" .
   [7 0 0])
  ("numZeroes" .
   [2 0 0 0 1 0 0 0 0])
  ("numbers" .
   [4 0 0 0 0 0 0])
  ("vector" .
   [1 0 0 0 0 0])
  ("product" .
   [4 0 0 0 0 0 0])
  ("is" .
   [2 0])
  ("Helper-help" .
   [0 0 0 1 0 0 0 0 0 0 0])
  ("include" .
   [9 0 0 0 0 0 0])
  ("string" .
   [6 0 0 0 0 0])
  ("std" .
   [2 0 0])
  ("main" .
   [2 0 0 0])
  ("cin" .
   [3 0 0])
  ("term" .
   [3 0 0 1])
  ("terms" .
   [5 0 0 0 0])
  ("end" .
   [3 0 0])
  ("iostream" .
   [2 0 0 0 0 0 0 0])
  ("map" .
   [2 0 0])
  ("const_iterator" .
   [0 0 0 0 0 0 0 0 1 0 0 0 0 0])
  ("list" .
   [1 0 0 0])
  ("mapIt" .
   [1 0 0 0 0])
  ("it" .
   [3 0])
  ("begin" .
   [1 0 0 2 0])
  ("mostOften" .
   [0 0 0 1 4 1 0 1 2])
  ("i" .
   [3])
  ("pair" .
   [2 0 0 0])
  ("itM" .
   [4 0 1])
  ("second" .
   [2 0 0 0 0 0])
  ("itL" .
   [6 0 0])
  ("n" .
   [2])
  ("listIt" .
   [1 0 0 0 0 0])
  ("cout" .
   [3 0 0 0])
  ("endl" .
   [3 0 0 0])
  ("in" .
   [1 0])
  ("c" .
   [1])
  ("namespace" .
   [0 0 0 0 0 0 0 0 1])
  ("Mat" .
   [3 0 0])
  ("img" .
   [2 0 0])
  ("imread" .
   [1 0 0 0 0 0])
  ("imshow" .
   [1 0 0 0 0 0])
  ("cv" .
   [1 0])
  ("namedWindow" .
   [0 0 0 0 0 1 0 0 0 0 0])
  ("waitKey" .
   [1 0 0 0 0 0 0])
  ("g++" .
   [1 0 0])))
